1290154632.67882 20101119151047
1290154644.38845 20101119145545
1290154644.87624 20101119151047
1290154945.22095 20101119151047
1290154953.80085 20101119151047
1290154958.50096 20101119151047
1290154958.80968 20101119151047
1290154959.04736 20101119151047
1290154959.26619 20101119151047
1290154959.45918 20101119151047
1290157544.7246 20101119145545
1290158461.11243 20101119151047
1290158508.45454 20101119145545
1290158509.11199 20101119151047
1290158729.7678 20101119145545
1290158730.33406 20101119151047
1290158827.15283 20101119145545
1290158827.82373 20101119151047
1290159019.28 20101119151047
1290159339.33504 20101119151047
1290159339.81287 20101119145545
1290159377.13277 20101119145545
1290159377.58028 20101119151047
1290159416.42204 20101119145545
1290159416.90578 20101119151047
1290159429.19547 20101119151047
1290159429.67066 20101119145545
1290161063.3459 20101119145545
1290161064.03613 20101119151047
1290161119.63701 20101119145545
1290161128.96852 20101119151047
1290161129.49545 20101119145545
1290161215.50439 20101119145545
1290161322.9468 20101119180833
1290161323.44995 20101119180827
1290348062.86878 20101119151047
1290348318.12355 20101119151047
1290348327.12929 20101119151047
1290348344.22939 20101119145545
1290348345.60444 20101119151047
1290348616.765 20101119151047
1290348618.86144 20101119145545
1290348646.13239 20101119180823
1290348682.85089 20101119151047
1290348685.92244 20101119145545
1290349004.83463 20101119180823
1290349010.84109 20101119180827
1290349015.17332 20101119151047
1290349016.16317 20101119145545
1290349212.48165 20101119180841
1290349214.10986 20101119180841
1290349215.5682 20101119180841
1290349216.60032 20101119180841
1290349217.56595 20101119180841
1290349219.79913 20101119180841
1290349220.64263 20101119180841
1290349221.6758 20101119180841
1290349222.39912 20101119180841
1290349556.76321 20101119180833
1290349762.03384 20101119180827
1290349798.93306 20101121222951
1290349801.40526 20101121222951
1290349802.61942 20101121222951
1290349804.4661 20101121222951
1290349806.55437 20101121222951
1290349808.04995 20101121222951
1290349809.71011 20101121222951
1290349811.94303 20101121222951
1290349819.7715 20101119145545
1290349844.56459 20101121222951
1290349846.16405 20101121222951
1290349846.96096 20101121222951
1290349847.67852 20101121222951
1290349848.39007 20101121222951
1290349853.71795 20101121222951
1290349855.92467 20101119180833
1290349856.93566 20101119180833
1290349858.99595 20101121222951
1290349860.68514 20101119180833
1290349862.38011 20101119180833
1290349863.25088 20101119180833
1290349865.76479 20101119180823
1290350412.03285 20101121222951
1290350414.28417 20101119180827
1290350415.3714 20101119180823
1290350416.63404 20101119151047
1290350419.36976 20101119180833
1290350423.8043 20101119180827
1290350425.79162 20101119180833
1290350428.13784 20101119180833
1290350434.85073 20101119151047
1290350468.74715 20101121222951
1290350469.72047 20101121222951
1290350471.18816 20101121222951
1290350472.35191 20101121222951
1290479334.05636 20101119180823
1290479336.6783 20101119180823
1290479338.91089 20101119180823
1290479341.06908 20101119180823
1290479341.95204 20101119180827
1290479342.60154 20101121222951
1291024441.46837 20101129173244
1291024442.8785 20101129173244
1291099633.29288 20101130143007
1291099640.6568 20101130143007
1291100052.36013 20101130135306
1291100053.308 20101129180533
1291100054.10285 20101129175727
1291100079.20043 20101129175727
1291100079.9598 20101129180533
1291100080.50198 20101130135306
1291100145.66663 20101129173244
1291100154.28986 20101129173244
1291100156.86666 20101129173244
1291100250.31458 20101129173244
1291100351.96117 20101129173244
1291100355.28361 20101129173244
1291100393.69501 20101129173244
1291100420.10724 20101129173244
1291107406.27447 20101130143007
1291107407.68802 20101130143007
1291110902.16878 20101130175316
1291115004.36005 20101129180533
1291115010.04084 20101129175727
1291115013.5022 20101129174938
1291115139.45491 20101129175652
1291115275.40951 20101129175727
1291115276.60875 20101129174938
1291115277.76592 20101129175652
1291115278.5627 20101129180533
1291115280.06795 20101130175316
1291172054.46154 20101130165426
1291172180.25113 20101130165426
1291172181.99683 20101130165426
